   3.0000000e+00   5.0000000e-01   0.0000000e+00   0.0000000e+00
   4.0000000e+00   6.4814815e-01   0.0000000e+00   0.0000000e+00
   5.0000000e+00   7.1035880e-01   0.0000000e+00   0.0000000e+00
   6.0000000e+00   7.4019213e-01   0.0000000e+00   0.0000000e+00
   7.0000000e+00   7.5507690e-01   0.0000000e+00   0.0000000e+00
   8.0000000e+00   7.6218770e-01  -5.8217364e-17  -1.1102230e-16
   9.0000000e+00   7.6493502e-01  -1.5658473e-16   5.5511151e-16
   1.0000000e+01   7.6510715e-01   6.4730172e-07  -2.1084302e-06
   1.1000000e+01   7.6371067e-01   2.9952903e-06  -9.6810766e-06
   1.2000000e+01   7.6134296e-01   8.2269142e-06  -2.6244787e-05
   1.3000000e+01   7.5837320e-01   1.7484843e-05  -5.4878172e-05
   1.4000000e+01   7.5503671e-01   3.1786860e-05  -9.7974871e-05
   1.5000000e+01   7.5148704e-01   5.1992734e-05  -1.5722265e-04
   1.6000000e+01   7.4782615e-01   7.8799281e-05  -2.3368071e-04
   1.7000000e+01   7.4412252e-01   1.1274971e-04  -3.2788975e-04
   1.8000000e+01   7.4042244e-01   1.5424943e-04  -4.3998312e-04
   1.9000000e+01   7.3675719e-01   2.0358394e-04  -5.6978550e-04
   2.0000000e+01   7.3314777e-01   2.6093659e-04  -7.1689521e-04
   2.1000000e+01   7.2960803e-01   3.2640511e-04  -8.8075023e-04
   2.2000000e+01   7.2614681e-01   4.0001629e-04  -1.0606798e-03
   2.3000000e+01   7.2276942e-01   4.8173904e-04  -1.2559446e-03
   2.4000000e+01   7.1947867e-01   5.7149643e-04  -1.4657691e-03
   2.5000000e+01   7.1627560e-01   6.6917717e-04  -1.6893693e-03
   2.6000000e+01   7.1316002e-01   7.7464578e-04  -1.9259742e-03
   2.7000000e+01   7.1013085e-01   8.8775168e-04  -2.1748428e-03
   2.8000000e+01   7.0718641e-01   1.0083363e-03  -2.4352753e-03
   2.9000000e+01   7.0432466e-01   1.1362383e-03  -2.7066194e-03
   3.0000000e+01   7.0154325e-01   1.2712981e-03  -2.9882741e-03
   3.1000000e+01   6.9883971e-01   1.4133615e-03  -3.2796925e-03
