   3.0000000e+00   5.0000000e-01   5.0000000e-01
   4.0000000e+00   6.4814815e-01   6.4814815e-01
   5.0000000e+00   7.1035880e-01   7.1035880e-01
   6.0000000e+00   7.4019213e-01   7.4019213e-01
   7.0000000e+00   7.5507690e-01   7.5507690e-01
   8.0000000e+00   7.6218770e-01   7.6218770e-01
   9.0000000e+00   7.6492076e-01   7.6494556e-01
   1.0000000e+01   7.6504899e-01   7.6515095e-01
   1.1000000e+01   7.6356753e-01   7.6381995e-01
   1.2000000e+01   7.6106688e-01   7.6155605e-01
   1.3000000e+01   7.5791306e-01   7.5873161e-01
   1.4000000e+01   7.5434083e-01   7.5558294e-01
   1.5000000e+01   7.5050499e-01   7.5226317e-01
   1.6000000e+01   7.4650981e-01   7.4887284e-01
   1.7000000e+01   7.4242674e-01   7.4547846e-01
   1.8000000e+01   7.3830532e-01   7.4212402e-01
   1.9000000e+01   7.3418021e-01   7.3883836e-01
   2.0000000e+01   7.3007572e-01   7.3564002e-01
   2.1000000e+01   7.2600893e-01   7.3254044e-01
